828 828 828 828 828 828 828 828 828 828 828 828 828 828 828 828 828 828 828 828 828 828 828 828 828 828 828 828 828 828 828 828 828 828 828 828 828 828 828 828 828 828 828 828 828 828 828 828 828 828 
828 828 828 828 828 828 828 828 828 828 828 828 828 828 828 828 828 828 828 828 828 828 828 828 828 828 828 828 828 828 828 828 828 828 828 828 828 828 828 828 828 828 828 828 828 828 828 828 828 828 
828 828 828 828 828 828 828 828 828 828 828 828 828 828 828 828 828 828 828 828 828 828 828 828 828 828 828 828 828 828 828 828 828 828 828 828 828 828 828 828 828 828 828 828 828 828 828 828 828 828 
828 828 828 828 828 828 828 828 828 828 828 828 828 828 828 828 828 828 828 828 828 828 828 828 828 828 828 828 828 828 828 828 828 828 828 828 828 828 828 828 828 828 828 828 828 828 828 828 828 828 
828 828 828 828 828 828 828 828 828 828 828 828 828 828 828 828 828 828 828 828 828 828 828 828 828 828 828 828 828 828 828 828 828 828 828 828 828 828 828 828 828 828 828 828 828 828 828 828 828 828 
828 828 828 828 828 828 828 828 828 828 828 828 828 828 828 828 828 828 828 828 828 828 828 828 828 828 828 828 828 828 828 828 828 828 828 828 828 828 828 828 828 828 828 828 828 828 828 828 828 828 
828 828 828 828 828 828 828 828 828 828 828 828 828 828 828 828 828 828 828 828 828 828 828 828 828 828 828 828 828 828 828 828 828 828 828 828 828 828 828 828 828 828 828 828 828 828 828 828 828 828 
828 828 828 828 828 828 828 828 828 828 828 828 828 828 828 828 828 828 828 828 828 828 828 828 828 828 828 828 828 828 828 828 828 828 828 828 828 828 828 828 828 828 828 828 828 828 828 828 828 828 
828 828 828 828 828 828 828 828 828 828 828 828 828 828 828 828 828 828 828 828 828 828 828 828 828 828 828 828 828 828 828 828 828 828 828 828 828 828 828 828 828 828 828 828 828 828 828 828 828 828 
828 828 828 828 828 828 828 828 828 828 828 828 828 828 828 828 828 828 828 828 828 828 828 828 828 828 828 828 828 828 828 828 828 828 828 828 828 828 828 828 828 828 828 828 828 828 828 828 828 828 
828 828 828 828 828 828 828 828 828 828 828 828 828 828 828 828 828 828 828 828 828 828 828 828 828 828 828 828 828 828 828 828 828 828 828 828 828 828 828 828 828 828 828 828 828 828 828 828 828 828 
828 828 828 828 828 828 828 828 828 828 828 828 828 828 828 828 828 828 828 828 828 828 828 828 828 828 828 828 828 828 828 828 828 828 828 828 828 828 828 828 828 828 828 828 828 828 828 828 828 828 
828 828 828 828 828 828 828 828 828 828 828 828 828 828 786 787 787 787 787 787 787 787 823 828 828 828 828 828 828 828 828 828 828 828 828 828 828 828 828 828 828 828 828 828 828 828 828 828 828 828 
828 828 828 828 828 828 828 828 828 828 828 828 828 828 896 794 794 794 794 794 794 794 814 828 828 828 828 828 828 828 828 828 828 828 828 828 828 828 828 828 828 828 828 828 828 828 828 828 828 828 
828 828 828 828 828 828 828 828 828 828 828 828 828 828 819 863 826 811 872 860 833 826 820 828 828 828 828 828 828 828 828 828 828 828 828 828 828 828 828 828 828 828 828 828 828 828 828 828 828 828 
828 828 828 828 828 828 828 828 828 828 828 828 828 828 801 803 893 813 817 816 833 833 833 828 828 828 828 828 828 828 828 828 828 828 828 828 828 828 828 828 828 828 828 828 828 828 828 828 828 828 
828 828 828 828 828 828 828 828 828 828 828 828 828 828 858 869 899 833 877 878 833 833 877 828 828 828 828 828 828 828 828 828 828 828 828 828 828 828 828 828 828 828 828 828 828 828 828 828 828 828 
828 828 828 828 828 828 828 828 828 828 828 828 828 828 863 833 833 833 889 898 833 833 889 828 828 828 828 828 828 828 828 828 828 828 828 828 828 828 828 828 828 828 828 828 828 828 828 828 828 828 
828 828 828 828 828 828 828 828 828 828 828 828 828 828 833 833 833 833 889 898 833 833 897 828 828 828 828 828 828 828 828 828 828 828 828 828 828 828 828 828 828 828 828 828 828 828 828 828 828 828 
828 828 828 828 828 828 828 828 828 828 828 828 828 828 827 821 822 824 790 791 838 833 790 828 828 828 828 828 828 828 828 828 828 828 828 828 828 828 828 828 828 828 828 828 828 828 828 828 828 828 
828 828 828 828 828 828 828 828 828 828 828 828 828 828 828 830 831 832 828 828 828 828 828 828 828 828 828 828 828 828 828 828 828 828 828 828 828 828 828 828 828 828 828 828 828 828 828 828 828 828 
828 828 828 828 828 828 828 828 828 828 828 828 828 828 828 828 828 828 828 828 828 828 828 828 828 828 828 828 828 828 828 828 828 828 828 828 828 828 828 828 828 828 828 828 828 828 828 828 828 828 
828 828 828 828 828 828 828 828 828 828 828 828 828 828 828 828 828 828 828 828 828 828 828 828 828 828 828 828 828 828 828 828 828 828 828 828 828 828 828 828 828 828 828 828 828 828 828 828 828 828 
828 828 828 828 828 828 828 828 828 828 828 828 828 828 828 828 828 828 828 828 828 828 828 828 828 828 828 828 828 828 828 828 828 828 828 828 828 828 828 828 828 828 828 828 828 828 828 828 828 828 
828 828 828 828 828 828 828 828 828 828 828 828 828 828 828 828 828 828 828 828 828 828 828 828 828 828 828 828 828 828 828 828 828 828 828 828 828 828 828 828 828 828 828 828 828 828 828 828 828 828 
828 828 828 828 828 828 828 828 828 828 828 828 828 828 828 828 828 828 828 828 828 828 828 828 828 828 828 828 828 828 828 828 828 828 828 828 828 828 828 828 828 828 828 828 828 828 828 828 828 828 
828 828 828 828 828 828 828 828 828 828 828 828 828 828 828 828 828 828 828 828 828 828 828 828 828 828 828 828 828 828 828 828 828 828 828 828 828 828 828 828 828 828 828 828 828 828 828 828 828 828 
828 828 828 828 828 828 828 828 828 828 828 828 828 828 828 828 828 828 828 828 828 828 828 828 828 828 828 828 828 828 828 828 828 828 828 828 828 828 828 828 828 828 828 828 828 828 828 828 828 828 
828 828 828 828 828 828 828 828 828 828 828 828 828 828 828 828 828 828 828 828 828 828 828 828 828 828 828 828 828 828 828 828 828 828 828 828 828 828 828 828 828 828 828 828 828 828 828 828 828 828 
828 828 828 828 828 828 828 828 828 828 828 828 828 828 828 828 828 828 828 828 828 828 828 828 828 828 828 828 828 828 828 828 828 828 828 828 828 828 828 828 828 828 828 828 828 828 828 828 828 828 
828 828 828 828 828 828 828 828 828 828 828 828 828 828 828 828 828 828 828 828 828 828 828 828 828 828 828 828 828 828 828 828 828 828 828 828 828 828 828 828 828 828 828 828 828 828 828 828 828 828 
828 828 828 828 828 828 828 828 828 828 828 828 828 828 828 828 828 828 828 828 828 828 828 828 828 828 828 828 828 828 828 828 828 828 828 828 828 828 828 828 828 828 828 828 828 828 828 828 828 828 
828 828 828 828 828 828 828 828 828 828 828 828 828 828 828 828 828 828 828 828 828 828 828 828 828 828 828 828 828 828 828 828 828 828 828 828 828 828 828 828 828 828 828 828 828 828 828 828 828 828 
828 828 828 828 828 828 828 828 828 828 828 828 828 828 828 828 828 828 828 828 828 828 828 828 828 828 828 828 828 828 828 828 828 828 828 828 828 828 828 828 828 828 828 828 828 828 828 828 828 828 
828 828 828 828 828 828 828 828 828 828 828 828 828 828 828 828 828 828 828 828 828 828 828 828 828 828 828 828 828 828 828 828 828 828 828 828 828 828 828 828 828 828 828 828 828 828 828 828 828 828 
828 828 828 828 828 828 828 828 828 828 828 828 828 828 828 828 828 828 828 828 828 828 828 828 828 828 828 828 828 828 828 828 828 828 828 828 828 828 828 828 828 828 828 828 828 828 828 828 828 828 
828 828 828 828 828 828 828 828 828 828 828 828 828 828 828 828 828 828 828 828 828 828 828 828 828 828 828 828 828 828 828 828 828 828 828 828 828 828 828 828 828 828 828 828 828 828 828 828 828 828 
828 828 828 828 828 828 828 828 828 828 828 828 828 828 828 828 828 828 828 828 828 828 828 828 828 828 828 828 828 828 828 828 828 828 828 828 828 828 828 828 828 828 828 828 828 828 828 828 828 828 
828 828 828 828 828 828 828 828 828 828 828 828 828 828 828 828 828 828 828 828 828 828 828 828 828 828 828 828 828 828 828 828 828 828 828 828 828 828 828 828 828 828 828 828 828 828 828 828 828 828 
828 828 828 828 828 828 828 828 828 828 828 828 828 828 828 828 828 828 828 828 828 828 828 828 828 828 828 828 828 828 828 828 828 828 828 828 828 828 828 828 828 828 828 828 828 828 828 828 828 828 
828 828 828 828 828 828 828 828 828 828 828 828 828 828 828 828 828 828 828 828 828 828 828 828 828 828 828 828 828 828 828 828 828 828 828 828 828 828 828 828 828 828 828 828 828 828 828 828 828 828 
828 828 828 828 828 828 828 828 828 828 828 828 828 828 828 828 828 828 828 828 828 828 828 828 828 828 828 828 828 828 828 828 828 828 828 828 828 828 828 828 828 828 828 828 828 828 828 828 828 828 
828 828 828 828 828 828 828 828 828 828 828 828 828 828 828 828 828 828 828 828 828 828 828 828 828 828 828 828 828 828 828 828 828 828 828 828 828 828 828 828 828 828 828 828 828 828 828 828 828 828 
828 828 828 828 828 828 828 828 828 828 828 828 828 828 828 828 828 828 828 828 828 828 828 828 828 828 828 828 828 828 828 828 828 828 828 828 828 828 828 828 828 828 828 828 828 828 828 828 828 828 
828 828 828 828 828 828 828 828 828 828 828 828 828 828 828 828 828 828 828 828 828 828 828 828 828 828 828 828 828 828 828 828 828 828 828 828 828 828 828 828 828 828 828 828 828 828 828 828 828 828 
828 828 828 828 828 828 828 828 828 828 828 828 828 828 828 828 828 828 828 828 828 828 828 828 828 828 828 828 828 828 828 828 828 828 828 828 828 828 828 828 828 828 828 828 828 828 828 828 828 828 
828 828 828 828 828 828 828 828 828 828 828 828 828 828 828 828 828 828 828 828 828 828 828 828 828 828 828 828 828 828 828 828 828 828 828 828 828 828 828 828 828 828 828 828 828 828 828 828 828 828 
828 828 828 828 828 828 828 828 828 828 828 828 828 828 828 828 828 828 828 828 828 828 828 828 828 828 828 828 828 828 828 828 828 828 828 828 828 828 828 828 828 828 828 828 828 828 828 828 828 828 
828 828 828 828 828 828 828 828 828 828 828 828 828 828 828 828 828 828 828 828 828 828 828 828 828 828 828 828 828 828 828 828 828 828 828 828 828 828 828 828 828 828 828 828 828 828 828 828 828 828 
828 828 828 828 828 828 828 828 828 828 828 828 828 828 828 828 828 828 828 828 828 828 828 828 828 828 828 828 828 828 828 828 828 828 828 828 828 828 828 828 828 828 828 828 828 828 828 828 828 828 
